1 10
100 200
201 210
900 1000
4122 5694
3314 26
2208 60
1496 1640
8937 9567
6941 7325
2192 2238
6161 6616
2892 968
7673 4193
2214 568
1696 2587
4095 6783
759 6539
4107 2819
3450 9958
7287 657
3637 1748
612 2790
2555 6926
767 5911
6783 4868
7560 8533
3959 7075
9790 2117
391 2190
2332 8039
3220 64
646 6288
6106 9989
1602 4992
5116 2769
4474 3554
6494 1239
8779 5020
2627 3236
2534 7950
168 7747
6559 6908
8030 6100
9265 3824
1640 8488
9074 4995
8980 7506
5411 2843
7016 7515
6514 8800
2509 7742
535 2650
5632 5077
563 7977
2040 6633
783 5590
4419 7837
8827 8784
7911 2888
8992 3847
6079 8558
4066 9558
177 2515
9894 454
7495 8346
2030 6453
8845 7976
6936 3690
3354 8446
6163 3778
2779 4431
3195 2643
2213 2770
7617 4948
7155 2643
8763 3588
9237 864
6037 7065
7106 6941
5341 5728
3297 4191
7412 4156
4110 5881
6558 7748
5336 4461
5066 2164
9600 6492
4360 3427
5440 6108
5218 679
4836 4345
7328 4971
1463 7358
3679 2738
4696 7888
3089 1230
7219 3970
2422 7032
4329 9262
9346 2925
1758 8455
5575 2766
2611 6798